1008 1997
0 1 4 3
0 3 3 4
0 4 5 6
1 2 4 2
1 6 6 5
2 7 3 4
3 1 2 3
4 2 3 3
4 3 2 4
4 5 7 5
5 7 1 2
6 2 1 5
6 7 2 4
11 39 0 0
11 131 0 0
11 794 0 0
12 301 0 0
14 88 0 0
14 923 0 0
15 850 0 0
15 994 0 0
17 426 0 0
18 169 0 0
18 348 0 0
19 303 0 0
19 382 0 0
20 240 0 0
20 763 0 0
22 21 0 0
22 107 0 0
22 183 0 0
22 225 0 0
22 356 0 0
23 565 0 0
23 655 0 0
24 293 0 0
24 785 0 0
24 792 0 0
24 854 0 0
25 750 0 0
26 469 0 0
26 583 0 0
26 641 0 0
26 750 0 0
26 946 0 0
27 526 0 0
27 935 0 0
28 638 0 0
29 83 0 0
29 273 0 0
29 434 0 0
30 174 0 0
30 430 0 0
30 591 0 0
30 751 0 0
31 237 0 0
31 677 0 0
32 212 0 0
32 408 0 0
33 501 0 0
33 821 0 0
34 366 0 0
36 108 0 0
36 391 0 0
37 447 0 0
37 723 0 0
37 961 0 0
38 819 0 0
39 484 0 0
39 886 0 0
40 327 0 0
40 537 0 0
41 493 0 0
41 767 0 0
41 846 0 0
43 360 0 0
44 184 0 0
44 309 0 0
44 311 0 0
46 818 0 0
47 217 0 0
47 689 0 0
48 496 0 0
48 768 0 0
48 871 0 0
49 993 0 0
50 412 0 0
50 1006 0 0
51 338 0 0
52 37 0 0
52 263 0 0
52 390 0 0
52 638 0 0
53 78 0 0
54 223 0 0
54 318 0 0
54 330 0 0
54 364 0 0
55 622 0 0
55 657 0 0
56 519 0 0
57 516 0 0
58 637 0 0
59 472 0 0
59 556 0 0
59 558 0 0
59 836 0 0
60 819 0 0
61 954 0 0
62 194 0 0
62 933 0 0
63 222 0 0
63 787 0 0
63 973 0 0
64 760 0 0
65 334 0 0
65 546 0 0
67 196 0 0
67 377 0 0
67 473 0 0
69 80 0 0
69 245 0 0
69 401 0 0
70 132 0 0
70 154 0 0
70 226 0 0
70 354 0 0
70 525 0 0
71 182 0 0
71 777 0 0
72 96 0 0
72 452 0 0
73 675 0 0
74 566 0 0
74 604 0 0
75 880 0 0
75 1006 0 0
76 176 0 0
76 479 0 0
76 991 0 0
77 634 0 0
78 268 0 0
78 298 0 0
78 354 0 0
78 847 0 0
80 201 0 0
81 788 0 0
82 174 0 0
82 326 0 0
82 538 0 0
82 571 0 0
83 410 0 0
83 456 0 0
83 563 0 0
83 837 0 0
84 262 0 0
84 645 0 0
84 664 0 0
85 178 0 0
85 236 0 0
85 545 0 0
86 975 0 0
86 1007 0 0
87 151 0 0
87 278 0 0
88 841 0 0
89 71 0 0
89 780 0 0
91 704 0 0
92 167 0 0
92 213 0 0
92 347 0 0
92 590 0 0
93 140 0 0
93 173 0 0
93 429 0 0
93 529 0 0
93 564 0 0
93 844 0 0
94 166 0 0
94 521 0 0
95 584 0 0
96 336 0 0
96 681 0 0
96 813 0 0
96 821 0 0
97 137 0 0
97 353 0 0
97 380 0 0
98 359 0 0
99 81 0 0
99 179 0 0
99 366 0 0
100 516 0 0
100 619 0 0
102 282 0 0
102 306 0 0
102 641 0 0
102 952 0 0
105 86 0 0
106 213 0 0
106 378 0 0
106 846 0 0
106 880 0 0
106 886 0 0
107 57 0 0
107 207 0 0
108 408 0 0
108 485 0 0
108 504 0 0
109 59 0 0
109 94 0 0
109 211 0 0
109 551 0 0
109 673 0 0
109 750 0 0
109 938 0 0
110 157 0 0
110 187 0 0
110 204 0 0
110 268 0 0
110 270 0 0
110 646 0 0
110 766 0 0
111 174 0 0
111 267 0 0
113 252 0 0
113 846 0 0
114 101 0 0
114 144 0 0
114 587 0 0
114 776 0 0
116 282 0 0
116 403 0 0
117 284 0 0
118 870 0 0
119 923 0 0
121 582 0 0
121 827 0 0
122 385 0 0
122 633 0 0
122 935 0 0
123 142 0 0
124 91 0 0
124 150 0 0
125 249 0 0
125 923 0 0
126 84 0 0
126 549 0 0
126 736 0 0
127 789 0 0
127 863 0 0
128 328 0 0
128 441 0 0
128 624 0 0
128 765 0 0
129 676 0 0
129 914 0 0
130 76 0 0
130 80 0 0
130 668 0 0
131 290 0 0
131 913 0 0
132 225 0 0
132 501 0 0
133 747 0 0
134 482 0 0
134 981 0 0
135 243 0 0
135 425 0 0
135 582 0 0
135 667 0 0
136 366 0 0
137 947 0 0
139 58 0 0
139 150 0 0
139 334 0 0
140 570 0 0
140 665 0 0
142 104 0 0
142 595 0 0
142 866 0 0
143 330 0 0
143 727 0 0
144 52 0 0
144 160 0 0
145 128 0 0
145 456 0 0
145 581 0 0
146 224 0 0
146 726 0 0
147 329 0 0
147 631 0 0
147 932 0 0
148 449 0 0
148 496 0 0
149 185 0 0
150 107 0 0
151 91 0 0
151 812 0 0
151 847 0 0
152 709 0 0
152 911 0 0
153 347 0 0
153 784 0 0
154 160 0 0
154 681 0 0
154 716 0 0
155 505 0 0
155 601 0 0
155 957 0 0
156 222 0 0
156 565 0 0
156 873 0 0
157 75 0 0
157 632 0 0
158 773 0 0
158 779 0 0
158 963 0 0
159 958 0 0
160 738 0 0
161 352 0 0
161 494 0 0
161 920 0 0
162 361 0 0
164 531 0 0
164 636 0 0
164 734 0 0
165 410 0 0
165 528 0 0
165 794 0 0
166 410 0 0
166 616 0 0
167 51 0 0
167 832 0 0
168 41 0 0
168 381 0 0
168 686 0 0
169 214 0 0
169 268 0 0
169 708 0 0
170 115 0 0
170 127 0 0
170 178 0 0
170 976 0 0
170 1003 0 0
171 851 0 0
172 727 0 0
173 401 0 0
173 437 0 0
175 998 0 0
176 510 0 0
176 911 0 0
176 956 0 0
178 260 0 0
178 646 0 0
178 782 0 0
179 393 0 0
179 398 0 0
179 523 0 0
179 574 0 0
181 548 0 0
182 873 0 0
183 91 0 0
183 466 0 0
183 734 0 0
184 167 0 0
185 525 0 0
185 734 0 0
185 779 0 0
186 226 0 0
186 360 0 0
186 410 0 0
186 728 0 0
186 1003 0 0
187 462 0 0
189 238 0 0
189 251 0 0
190 447 0 0
190 795 0 0
191 405 0 0
191 612 0 0
192 100 0 0
193 133 0 0
193 400 0 0
193 436 0 0
193 490 0 0
194 72 0 0
194 156 0 0
195 44 0 0
195 299 0 0
196 860 0 0
197 377 0 0
197 701 0 0
198 313 0 0
198 512 0 0
198 970 0 0
199 63 0 0
199 757 0 0
200 713 0 0
202 49 0 0
203 804 0 0
203 915 0 0
204 371 0 0
204 670 0 0
204 697 0 0
205 263 0 0
205 453 0 0
205 492 0 0
205 678 0 0
205 893 0 0
207 939 0 0
208 499 0 0
209 292 0 0
209 827 0 0
209 883 0 0
210 171 0 0
210 584 0 0
210 858 0 0
211 126 0 0
211 642 0 0
212 716 0 0
212 991 0 0
214 498 0 0
214 517 0 0
214 957 0 0
215 300 0 0
215 476 0 0
215 712 0 0
216 492 0 0
217 366 0 0
217 526 0 0
217 890 0 0
219 192 0 0
219 829 0 0
220 72 0 0
220 94 0 0
220 154 0 0
220 316 0 0
220 647 0 0
221 13 0 0
221 48 0 0
221 484 0 0
221 677 0 0
222 610 0 0
222 847 0 0
223 795 0 0
223 899 0 0
224 538 0 0
224 869 0 0
225 232 0 0
225 375 0 0
227 509 0 0
228 963 0 0
228 1004 0 0
229 299 0 0
229 957 0 0
229 991 0 0
230 260 0 0
230 719 0 0
230 983 0 0
231 31 0 0
231 282 0 0
232 19 0 0
232 39 0 0
232 166 0 0
232 507 0 0
233 350 0 0
233 457 0 0
234 37 0 0
234 546 0 0
234 558 0 0
235 52 0 0
235 294 0 0
235 608 0 0
235 646 0 0
236 411 0 0
238 116 0 0
238 288 0 0
238 924 0 0
239 379 0 0
239 849 0 0
240 306 0 0
240 449 0 0
240 933 0 0
241 123 0 0
241 291 0 0
242 45 0 0
242 245 0 0
242 650 0 0
242 781 0 0
242 865 0 0
243 194 0 0
244 149 0 0
244 584 0 0
245 727 0 0
246 336 0 0
246 428 0 0
246 794 0 0
247 692 0 0
247 693 0 0
248 224 0 0
248 381 0 0
248 684 0 0
248 848 0 0
248 894 0 0
250 643 0 0
250 665 0 0
250 742 0 0
250 873 0 0
250 906 0 0
250 987 0 0
251 208 0 0
251 523 0 0
251 601 0 0
252 9 0 0
252 59 0 0
252 892 0 0
253 895 0 0
254 384 0 0
255 539 0 0
255 1007 0 0
257 292 0 0
257 352 0 0
257 526 0 0
257 721 0 0
257 966 0 0
257 979 0 0
258 10 0 0
258 395 0 0
258 613 0 0
258 699 0 0
258 725 0 0
259 595 0 0
259 690 0 0
260 27 0 0
260 181 0 0
261 471 0 0
262 97 0 0
262 377 0 0
263 266 0 0
263 530 0 0
264 366 0 0
264 385 0 0
265 251 0 0
265 474 0 0
265 619 0 0
265 645 0 0
267 64 0 0
268 329 0 0
269 15 0 0
270 57 0 0
270 834 0 0
270 862 0 0
272 235 0 0
272 763 0 0
272 884 0 0
273 78 0 0
273 818 0 0
274 474 0 0
274 812 0 0
275 406 0 0
275 526 0 0
275 994 0 0
276 880 0 0
277 65 0 0
278 82 0 0
279 332 0 0
279 724 0 0
281 649 0 0
282 24 0 0
282 459 0 0
283 14 0 0
283 21 0 0
283 688 0 0
283 728 0 0
285 140 0 0
285 346 0 0
285 856 0 0
286 146 0 0
286 809 0 0
288 661 0 0
289 472 0 0
289 676 0 0
289 784 0 0
289 899 0 0
291 12 0 0
291 211 0 0
291 608 0 0
291 850 0 0
292 359 0 0
292 607 0 0
293 143 0 0
293 481 0 0
293 864 0 0
294 47 0 0
294 1005 0 0
295 627 0 0
296 298 0 0
296 311 0 0
296 390 0 0
298 44 0 0
298 314 0 0
298 484 0 0
298 515 0 0
298 661 0 0
299 588 0 0
301 403 0 0
301 941 0 0
302 525 0 0
302 584 0 0
302 647 0 0
303 402 0 0
303 420 0 0
303 662 0 0
303 664 0 0
304 730 0 0
305 277 0 0
305 323 0 0
305 856 0 0
306 64 0 0
307 328 0 0
307 1000 0 0
308 156 0 0
309 93 0 0
309 443 0 0
310 112 0 0
310 509 0 0
310 536 0 0
310 543 0 0
310 878 0 0
310 974 0 0
311 186 0 0
311 470 0 0
312 26 0 0
312 242 0 0
312 301 0 0
312 868 0 0
313 518 0 0
314 183 0 0
314 591 0 0
315 13 0 0
315 282 0 0
315 466 0 0
315 685 0 0
316 535 0 0
316 778 0 0
316 921 0 0
319 53 0 0
319 394 0 0
320 80 0 0
321 167 0 0
321 688 0 0
322 309 0 0
322 582 0 0
322 1000 0 0
322 1006 0 0
323 420 0 0
323 652 0 0
324 114 0 0
324 465 0 0
324 685 0 0
325 639 0 0
325 804 0 0
326 10 0 0
326 877 0 0
326 890 0 0
327 230 0 0
328 331 0 0
328 957 0 0
329 510 0 0
329 840 0 0
330 558 0 0
332 318 0 0
332 334 0 0
332 710 0 0
333 292 0 0
333 327 0 0
333 492 0 0
333 753 0 0
334 715 0 0
335 12 0 0
335 107 0 0
336 559 0 0
336 592 0 0
339 90 0 0
339 244 0 0
339 286 0 0
339 719 0 0
340 348 0 0
341 408 0 0
341 586 0 0
342 277 0 0
342 567 0 0
344 48 0 0
344 570 0 0
344 898 0 0
345 19 0 0
345 512 0 0
346 774 0 0
347 138 0 0
348 390 0 0
348 938 0 0
349 294 0 0
349 297 0 0
349 723 0 0
350 649 0 0
351 751 0 0
351 987 0 0
352 82 0 0
352 277 0 0
352 291 0 0
352 639 0 0
352 652 0 0
352 975 0 0
353 425 0 0
355 569 0 0
355 745 0 0
356 88 0 0
356 389 0 0
357 610 0 0
357 691 0 0
358 169 0 0
358 544 0 0
359 170 0 0
359 573 0 0
359 699 0 0
360 292 0 0
363 992 0 0
364 80 0 0
364 360 0 0
364 820 0 0
365 231 0 0
365 488 0 0
367 199 0 0
367 397 0 0
367 612 0 0
368 19 0 0
368 24 0 0
368 510 0 0
368 515 0 0
368 842 0 0
369 192 0 0
369 779 0 0
369 851 0 0
370 171 0 0
370 199 0 0
370 471 0 0
370 593 0 0
370 661 0 0
371 699 0 0
372 260 0 0
372 548 0 0
373 15 0 0
374 720 0 0
375 211 0 0
376 244 0 0
376 541 0 0
377 15 0 0
377 917 0 0
378 261 0 0
378 660 0 0
378 690 0 0
379 307 0 0
381 266 0 0
382 599 0 0
382 672 0 0
383 633 0 0
384 775 0 0
384 838 0 0
385 811 0 0
385 984 0 0
386 574 0 0
386 809 0 0
387 193 0 0
387 753 0 0
387 944 0 0
388 51 0 0
388 182 0 0
389 741 0 0
390 198 0 0
391 157 0 0
391 164 0 0
391 380 0 0
392 907 0 0
392 977 0 0
393 142 0 0
393 587 0 0
393 780 0 0
393 881 0 0
393 918 0 0
394 372 0 0
396 205 0 0
396 442 0 0
396 713 0 0
400 738 0 0
400 848 0 0
401 292 0 0
402 298 0 0
402 551 0 0
402 926 0 0
403 590 0 0
403 1007 0 0
404 954 0 0
407 325 0 0
407 889 0 0
408 498 0 0
408 842 0 0
409 122 0 0
409 964 0 0
410 599 0 0
411 222 0 0
411 754 0 0
411 842 0 0
412 185 0 0
412 336 0 0
412 612 0 0
413 19 0 0
413 308 0 0
414 476 0 0
415 158 0 0
415 656 0 0
416 107 0 0
416 397 0 0
416 458 0 0
416 746 0 0
417 114 0 0
417 302 0 0
417 492 0 0
419 481 0 0
420 296 0 0
420 831 0 0
421 156 0 0
421 519 0 0
422 161 0 0
422 938 0 0
422 1002 0 0
423 371 0 0
423 517 0 0
423 792 0 0
424 160 0 0
424 254 0 0
424 595 0 0
424 678 0 0
425 468 0 0
426 68 0 0
426 77 0 0
426 776 0 0
427 412 0 0
428 577 0 0
429 103 0 0
429 526 0 0
429 706 0 0
429 958 0 0
430 527 0 0
431 299 0 0
431 640 0 0
431 905 0 0
432 18 0 0
432 465 0 0
432 948 0 0
432 973 0 0
433 264 0 0
433 300 0 0
433 338 0 0
434 350 0 0
435 49 0 0
435 290 0 0
435 883 0 0
436 289 0 0
436 337 0 0
437 600 0 0
438 182 0 0
438 266 0 0
439 737 0 0
439 947 0 0
440 493 0 0
441 124 0 0
441 237 0 0
442 851 0 0
442 906 0 0
443 241 0 0
443 908 0 0
443 920 0 0
444 794 0 0
444 892 0 0
445 537 0 0
445 882 0 0
446 200 0 0
446 333 0 0
446 525 0 0
447 267 0 0
448 975 0 0
449 479 0 0
450 1004 0 0
451 134 0 0
453 353 0 0
453 666 0 0
453 940 0 0
454 795 0 0
454 1003 0 0
455 151 0 0
455 888 0 0
457 787 0 0
458 363 0 0
459 113 0 0
459 187 0 0
459 960 0 0
461 585 0 0
463 186 0 0
463 724 0 0
464 256 0 0
465 236 0 0
466 577 0 0
466 996 0 0
467 148 0 0
467 311 0 0
468 159 0 0
468 853 0 0
468 928 0 0
469 527 0 0
470 501 0 0
471 342 0 0
471 483 0 0
471 803 0 0
473 727 0 0
473 756 0 0
474 226 0 0
474 352 0 0
474 679 0 0
474 831 0 0
475 975 0 0
476 20 0 0
477 367 0 0
477 820 0 0
478 13 0 0
480 85 0 0
480 339 0 0
480 370 0 0
480 655 0 0
480 787 0 0
481 349 0 0
481 744 0 0
483 679 0 0
485 507 0 0
485 723 0 0
486 100 0 0
487 542 0 0
487 697 0 0
488 817 0 0
489 425 0 0
489 548 0 0
489 843 0 0
492 36 0 0
492 784 0 0
493 380 0 0
493 795 0 0
493 974 0 0
494 569 0 0
495 32 0 0
495 370 0 0
495 930 0 0
496 42 0 0
496 498 0 0
497 276 0 0
497 307 0 0
498 79 0 0
498 82 0 0
498 281 0 0
499 456 0 0
500 114 0 0
500 987 0 0
501 34 0 0
501 180 0 0
501 262 0 0
501 773 0 0
502 419 0 0
502 431 0 0
503 594 0 0
503 652 0 0
503 743 0 0
503 799 0 0
503 937 0 0
504 103 0 0
504 976 0 0
505 63 0 0
505 947 0 0
507 402 0 0
507 474 0 0
508 95 0 0
508 278 0 0
508 463 0 0
508 927 0 0
508 994 0 0
509 168 0 0
509 329 0 0
509 775 0 0
510 208 0 0
510 336 0 0
510 633 0 0
511 705 0 0
512 952 0 0
513 708 0 0
514 65 0 0
514 167 0 0
514 950 0 0
515 890 0 0
515 991 0 0
516 131 0 0
516 293 0 0
516 926 0 0
517 674 0 0
518 874 0 0
519 299 0 0
519 390 0 0
520 988 0 0
521 456 0 0
521 505 0 0
522 364 0 0
522 594 0 0
524 151 0 0
524 782 0 0
524 878 0 0
524 912 0 0
525 627 0 0
525 1000 0 0
526 460 0 0
526 622 0 0
526 844 0 0
527 235 0 0
527 464 0 0
529 82 0 0
529 144 0 0
529 285 0 0
529 292 0 0
529 505 0 0
529 844 0 0
530 213 0 0
530 498 0 0
530 701 0 0
530 744 0 0
530 933 0 0
531 202 0 0
532 954 0 0
532 971 0 0
533 601 0 0
534 818 0 0
535 962 0 0
536 332 0 0
536 347 0 0
536 479 0 0
536 679 0 0
536 881 0 0
537 525 0 0
537 539 0 0
537 628 0 0
538 986 0 0
539 378 0 0
539 440 0 0
541 766 0 0
542 472 0 0
543 138 0 0
543 433 0 0
544 327 0 0
544 677 0 0
544 875 0 0
545 562 0 0
545 968 0 0
545 994 0 0
546 41 0 0
546 448 0 0
547 192 0 0
547 935 0 0
548 373 0 0
548 612 0 0
548 806 0 0
549 573 0 0
549 902 0 0
551 97 0 0
551 418 0 0
552 68 0 0
552 220 0 0
552 333 0 0
552 600 0 0
552 884 0 0
553 411 0 0
554 320 0 0
554 691 0 0
554 857 0 0
555 161 0 0
556 794 0 0
556 1002 0 0
557 127 0 0
557 713 0 0
557 722 0 0
558 682 0 0
558 693 0 0
559 177 0 0
559 391 0 0
560 94 0 0
561 247 0 0
561 505 0 0
561 535 0 0
561 658 0 0
562 242 0 0
562 666 0 0
563 618 0 0
564 243 0 0
564 339 0 0
565 878 0 0
565 962 0 0
566 133 0 0
566 949 0 0
567 495 0 0
568 193 0 0
568 491 0 0
568 661 0 0
568 881 0 0
569 703 0 0
570 207 0 0
570 892 0 0
572 11 0 0
572 426 0 0
572 515 0 0
573 414 0 0
574 280 0 0
574 677 0 0
575 558 0 0
575 715 0 0
575 975 0 0
576 146 0 0
576 383 0 0
577 54 0 0
577 87 0 0
577 658 0 0
578 47 0 0
578 124 0 0
578 396 0 0
578 847 0 0
578 959 0 0
579 513 0 0
580 457 0 0
581 471 0 0
582 865 0 0
582 969 0 0
585 202 0 0
586 402 0 0
586 868 0 0
587 138 0 0
587 686 0 0
587 988 0 0
589 45 0 0
589 702 0 0
589 844 0 0
590 821 0 0
591 330 0 0
591 837 0 0
591 969 0 0
592 71 0 0
592 655 0 0
593 294 0 0
593 743 0 0
593 749 0 0
594 630 0 0
595 95 0 0
596 778 0 0
596 865 0 0
597 203 0 0
597 659 0 0
597 932 0 0
598 79 0 0
598 400 0 0
599 843 0 0
599 917 0 0
600 798 0 0
600 868 0 0
600 890 0 0
600 1006 0 0
601 140 0 0
601 369 0 0
601 679 0 0
601 719 0 0
601 721 0 0
601 983 0 0
603 550 0 0
604 402 0 0
604 436 0 0
604 629 0 0
604 820 0 0
604 867 0 0
605 25 0 0
605 387 0 0
605 661 0 0
608 61 0 0
608 504 0 0
608 793 0 0
609 181 0 0
609 512 0 0
609 678 0 0
610 129 0 0
610 427 0 0
610 589 0 0
610 761 0 0
611 76 0 0
611 93 0 0
611 940 0 0
611 982 0 0
613 746 0 0
614 145 0 0
615 624 0 0
616 408 0 0
616 934 0 0
617 361 0 0
617 687 0 0
618 373 0 0
618 381 0 0
618 916 0 0
618 987 0 0
619 167 0 0
619 316 0 0
619 356 0 0
619 415 0 0
619 437 0 0
620 345 0 0
621 107 0 0
623 702 0 0
624 575 0 0
624 611 0 0
625 125 0 0
625 336 0 0
625 1002 0 0
626 235 0 0
626 846 0 0
626 904 0 0
628 899 0 0
630 983 0 0
631 65 0 0
631 255 0 0
631 555 0 0
632 166 0 0
632 666 0 0
633 166 0 0
633 331 0 0
633 358 0 0
633 854 0 0
634 14 0 0
634 710 0 0
635 859 0 0
636 840 0 0
637 32 0 0
637 152 0 0
637 386 0 0
638 216 0 0
638 318 0 0
638 434 0 0
638 994 0 0
639 223 0 0
639 506 0 0
641 831 0 0
642 583 0 0
643 490 0 0
643 770 0 0
644 45 0 0
644 195 0 0
644 370 0 0
644 989 0 0
645 339 0 0
645 725 0 0
646 159 0 0
646 919 0 0
647 50 0 0
647 875 0 0
648 465 0 0
649 113 0 0
649 260 0 0
649 543 0 0
650 376 0 0
650 832 0 0
651 155 0 0
651 438 0 0
651 749 0 0
651 763 0 0
652 227 0 0
652 313 0 0
653 583 0 0
653 878 0 0
654 16 0 0
654 89 0 0
654 481 0 0
654 581 0 0
655 183 0 0
655 510 0 0
656 563 0 0
657 81 0 0
657 847 0 0
658 323 0 0
659 82 0 0
660 517 0 0
661 72 0 0
661 96 0 0
661 982 0 0
662 459 0 0
662 731 0 0
663 589 0 0
663 883 0 0
664 290 0 0
664 292 0 0
664 987 0 0
665 730 0 0
665 764 0 0
666 148 0 0
667 182 0 0
667 578 0 0
668 617 0 0
668 705 0 0
668 811 0 0
669 695 0 0
670 804 0 0
670 890 0 0
671 111 0 0
671 904 0 0
671 977 0 0
672 984 0 0
673 219 0 0
673 756 0 0
674 219 0 0
674 896 0 0
674 959 0 0
675 260 0 0
675 728 0 0
675 818 0 0
677 303 0 0
677 512 0 0
677 641 0 0
678 524 0 0
678 733 0 0
679 394 0 0
681 34 0 0
681 710 0 0
681 785 0 0
682 419 0 0
683 994 0 0
684 189 0 0
684 319 0 0
684 668 0 0
685 52 0 0
685 246 0 0
686 1001 0 0
688 174 0 0
688 406 0 0
688 652 0 0
688 835 0 0
690 60 0 0
690 250 0 0
690 858 0 0
690 915 0 0
691 92 0 0
691 875 0 0
692 42 0 0
692 262 0 0
692 520 0 0
692 896 0 0
693 273 0 0
693 391 0 0
693 668 0 0
693 806 0 0
693 868 0 0
694 994 0 0
695 351 0 0
695 385 0 0
695 998 0 0
696 454 0 0
696 932 0 0
697 22 0 0
697 865 0 0
698 724 0 0
699 503 0 0
699 539 0 0
700 462 0 0
700 948 0 0
702 143 0 0
702 713 0 0
702 853 0 0
704 733 0 0
705 402 0 0
706 584 0 0
706 705 0 0
707 715 0 0
708 584 0 0
708 733 0 0
708 976 0 0
709 74 0 0
709 120 0 0
710 372 0 0
711 37 0 0
711 332 0 0
712 317 0 0
712 917 0 0
713 287 0 0
713 401 0 0
714 40 0 0
714 47 0 0
714 861 0 0
714 919 0 0
714 991 0 0
715 595 0 0
716 962 0 0
717 47 0 0
717 764 0 0
718 239 0 0
718 418 0 0
720 516 0 0
721 306 0 0
721 609 0 0
722 965 0 0
723 1001 0 0
724 560 0 0
726 440 0 0
727 428 0 0
728 240 0 0
729 523 0 0
729 838 0 0
730 742 0 0
731 260 0 0
731 992 0 0
733 248 0 0
733 530 0 0
733 1003 0 0
734 115 0 0
734 448 0 0
735 229 0 0
735 694 0 0
735 881 0 0
736 14 0 0
737 99 0 0
737 380 0 0
737 718 0 0
738 945 0 0
739 225 0 0
739 272 0 0
739 901 0 0
739 920 0 0
739 950 0 0
740 141 0 0
740 457 0 0
740 624 0 0
741 398 0 0
741 416 0 0
741 804 0 0
742 544 0 0
743 416 0 0
744 364 0 0
746 571 0 0
746 610 0 0
747 514 0 0
748 613 0 0
748 693 0 0
750 192 0 0
750 642 0 0
751 815 0 0
751 817 0 0
752 447 0 0
752 721 0 0
752 984 0 0
753 374 0 0
754 37 0 0
755 706 0 0
756 139 0 0
756 159 0 0
756 472 0 0
757 265 0 0
757 281 0 0
757 614 0 0
757 837 0 0
758 573 0 0
758 997 0 0
759 578 0 0
760 119 0 0
760 121 0 0
760 475 0 0
760 978 0 0
761 347 0 0
761 799 0 0
762 45 0 0
762 335 0 0
763 459 0 0
763 535 0 0
763 665 0 0
763 948 0 0
764 228 0 0
764 574 0 0
764 677 0 0
765 451 0 0
765 895 0 0
767 311 0 0
767 795 0 0
769 203 0 0
769 556 0 0
769 857 0 0
770 391 0 0
771 576 0 0
772 164 0 0
772 602 0 0
773 96 0 0
773 199 0 0
773 419 0 0
775 78 0 0
775 670 0 0
775 933 0 0
776 195 0 0
776 334 0 0
776 386 0 0
776 989 0 0
777 336 0 0
777 581 0 0
777 852 0 0
777 920 0 0
778 266 0 0
778 356 0 0
778 826 0 0
780 160 0 0
780 839 0 0
781 165 0 0
781 258 0 0
781 662 0 0
782 370 0 0
782 419 0 0
783 276 0 0
783 476 0 0
784 60 0 0
784 85 0 0
784 523 0 0
784 903 0 0
785 43 0 0
785 610 0 0
785 689 0 0
786 182 0 0
789 155 0 0
789 520 0 0
789 695 0 0
790 30 0 0
790 668 0 0
790 707 0 0
791 89 0 0
792 207 0 0
792 530 0 0
793 237 0 0
793 508 0 0
793 514 0 0
793 749 0 0
793 852 0 0
794 277 0 0
794 526 0 0
794 784 0 0
795 21 0 0
795 598 0 0
796 95 0 0
796 289 0 0
797 111 0 0
797 493 0 0
798 154 0 0
798 245 0 0
799 639 0 0
800 315 0 0
800 434 0 0
800 523 0 0
801 790 0 0
802 873 0 0
803 350 0 0
803 996 0 0
805 198 0 0
805 951 0 0
806 200 0 0
806 882 0 0
808 231 0 0
808 471 0 0
808 634 0 0
809 985 0 0
810 99 0 0
810 350 0 0
810 484 0 0
810 610 0 0
811 88 0 0
812 508 0 0
812 549 0 0
812 663 0 0
812 998 0 0
813 659 0 0
814 612 0 0
814 783 0 0
815 289 0 0
815 849 0 0
816 111 0 0
816 261 0 0
816 372 0 0
817 525 0 0
817 613 0 0
818 25 0 0
818 522 0 0
818 880 0 0
820 753 0 0
820 928 0 0
821 141 0 0
821 318 0 0
821 491 0 0
821 715 0 0
821 797 0 0
822 763 0 0
823 181 0 0
824 695 0 0
825 8 0 0
825 56 0 0
825 222 0 0
825 543 0 0
825 815 0 0
825 992 0 0
826 930 0 0
827 106 0 0
829 494 0 0
829 717 0 0
830 330 0 0
830 514 0 0
831 506 0 0
831 542 0 0
831 993 0 0
833 711 0 0
833 852 0 0
834 263 0 0
834 475 0 0
834 536 0 0
834 731 0 0
835 49 0 0
835 52 0 0
835 851 0 0
836 126 0 0
836 484 0 0
836 764 0 0
837 204 0 0
837 297 0 0
837 720 0 0
838 222 0 0
839 228 0 0
839 250 0 0
839 860 0 0
840 62 0 0
840 422 0 0
840 653 0 0
840 888 0 0
841 436 0 0
841 746 0 0
841 826 0 0
842 210 0 0
843 237 0 0
843 554 0 0
843 823 0 0
843 848 0 0
844 8 0 0
844 185 0 0
844 272 0 0
844 868 0 0
845 328 0 0
845 398 0 0
845 712 0 0
846 237 0 0
846 239 0 0
846 516 0 0
849 491 0 0
849 519 0 0
849 684 0 0
849 716 0 0
849 1003 0 0
850 160 0 0
850 763 0 0
850 908 0 0
851 221 0 0
851 617 0 0
852 802 0 0
852 830 0 0
853 28 0 0
854 924 0 0
854 987 0 0
855 104 0 0
855 401 0 0
855 458 0 0
855 565 0 0
857 302 0 0
857 369 0 0
857 420 0 0
857 743 0 0
858 9 0 0
858 164 0 0
858 983 0 0
859 112 0 0
859 220 0 0
861 10 0 0
862 103 0 0
862 233 0 0
863 215 0 0
864 320 0 0
865 53 0 0
865 279 0 0
866 120 0 0
866 363 0 0
866 540 0 0
867 156 0 0
867 306 0 0
867 338 0 0
867 664 0 0
867 839 0 0
869 232 0 0
869 786 0 0
869 858 0 0
869 867 0 0
869 880 0 0
870 115 0 0
870 339 0 0
870 679 0 0
870 697 0 0
870 741 0 0
872 807 0 0
873 92 0 0
873 520 0 0
874 173 0 0
874 250 0 0
875 120 0 0
875 235 0 0
875 249 0 0
875 447 0 0
875 809 0 0
877 670 0 0
877 709 0 0
877 765 0 0
879 503 0 0
879 937 0 0
880 128 0 0
880 388 0 0
880 495 0 0
880 597 0 0
880 643 0 0
881 77 0 0
881 933 0 0
882 584 0 0
883 95 0 0
883 483 0 0
884 371 0 0
884 614 0 0
884 968 0 0
885 547 0 0
886 249 0 0
887 32 0 0
887 478 0 0
887 489 0 0
887 641 0 0
887 912 0 0
888 877 0 0
889 517 0 0
889 829 0 0
889 969 0 0
890 66 0 0
890 529 0 0
890 979 0 0
891 763 0 0
891 792 0 0
892 298 0 0
892 429 0 0
892 501 0 0
892 965 0 0
893 422 0 0
893 465 0 0
893 499 0 0
893 594 0 0
893 682 0 0
893 794 0 0
894 432 0 0
894 734 0 0
895 143 0 0
895 305 0 0
895 514 0 0
895 701 0 0
895 889 0 0
896 627 0 0
896 757 0 0
896 947 0 0
897 482 0 0
898 439 0 0
898 786 0 0
898 818 0 0
899 707 0 0
900 322 0 0
900 580 0 0
900 669 0 0
900 937 0 0
901 617 0 0
902 158 0 0
902 164 0 0
903 133 0 0
903 473 0 0
903 596 0 0
903 872 0 0
904 410 0 0
904 574 0 0
905 664 0 0
905 907 0 0
906 85 0 0
906 740 0 0
908 36 0 0
909 236 0 0
909 298 0 0
910 192 0 0
910 747 0 0
910 950 0 0
912 76 0 0
912 899 0 0
913 267 0 0
913 304 0 0
915 396 0 0
916 164 0 0
916 390 0 0
917 315 0 0
918 507 0 0
918 611 0 0
920 884 0 0
921 373 0 0
922 122 0 0
922 542 0 0
923 435 0 0
924 11 0 0
924 47 0 0
926 408 0 0
926 1004 0 0
927 728 0 0
928 655 0 0
929 357 0 0
929 983 0 0
931 258 0 0
931 365 0 0
931 687 0 0
931 755 0 0
931 932 0 0
932 45 0 0
932 183 0 0
932 765 0 0
932 1006 0 0
933 47 0 0
933 139 0 0
933 262 0 0
933 313 0 0
933 614 0 0
934 995 0 0
935 354 0 0
935 399 0 0
935 433 0 0
935 982 0 0
936 786 0 0
937 272 0 0
937 403 0 0
937 442 0 0
937 473 0 0
937 747 0 0
938 428 0 0
939 123 0 0
939 144 0 0
939 322 0 0
939 341 0 0
940 155 0 0
940 387 0 0
940 612 0 0
940 987 0 0
941 267 0 0
941 543 0 0
942 496 0 0
943 310 0 0
943 602 0 0
945 456 0 0
945 592 0 0
945 931 0 0
946 859 0 0
947 207 0 0
947 513 0 0
947 615 0 0
947 714 0 0
948 462 0 0
948 665 0 0
949 81 0 0
949 116 0 0
949 280 0 0
949 844 0 0
950 355 0 0
950 662 0 0
950 929 0 0
951 773 0 0
952 80 0 0
952 134 0 0
952 398 0 0
952 574 0 0
953 170 0 0
953 951 0 0
954 573 0 0
955 356 0 0
957 303 0 0
957 369 0 0
957 537 0 0
957 644 0 0
957 896 0 0
957 922 0 0
957 946 0 0
958 312 0 0
959 312 0 0
959 876 0 0
960 96 0 0
960 240 0 0
960 250 0 0
960 366 0 0
960 704 0 0
960 968 0 0
961 824 0 0
962 213 0 0
962 837 0 0
963 835 0 0
963 875 0 0
964 359 0 0
966 298 0 0
966 936 0 0
967 186 0 0
967 557 0 0
968 87 0 0
968 375 0 0
969 327 0 0
969 759 0 0
970 25 0 0
970 455 0 0
971 235 0 0
972 368 0 0
972 499 0 0
972 965 0 0
973 920 0 0
975 124 0 0
977 654 0 0
977 726 0 0
977 766 0 0
979 528 0 0
981 141 0 0
981 183 0 0
982 37 0 0
982 102 0 0
982 204 0 0
982 558 0 0
982 741 0 0
982 801 0 0
983 859 0 0
983 871 0 0
984 16 0 0
984 302 0 0
984 347 0 0
984 496 0 0
984 844 0 0
984 948 0 0
985 219 0 0
986 464 0 0
986 470 0 0
986 864 0 0
987 87 0 0
987 363 0 0
987 413 0 0
988 503 0 0
988 914 0 0
989 16 0 0
989 340 0 0
990 655 0 0
990 814 0 0
991 195 0 0
991 228 0 0
992 253 0 0
992 430 0 0
992 857 0 0
993 330 0 0
993 496 0 0
993 645 0 0
993 656 0 0
993 804 0 0
994 388 0 0
994 985 0 0
995 976 0 0
996 660 0 0
997 271 0 0
998 531 0 0
999 132 0 0
999 613 0 0
1000 408 0 0
1001 370 0 0
1001 713 0 0
1002 74 0 0
1004 658 0 0
1006 967 0 0
1007 270 0 0
1007 937 0 0
1007 973 0 0
