25 60
0 5 179 1
1 3 40 1
1 10 12 1
1 17 83 1
1 20 170 1
2 7 135 1
2 12 190 1
3 1 149 1
3 10 176 1
3 17 177 1
3 20 96 1
4 7 29 1
5 21 38 1
6 14 76 1
6 23 185 1
6 24 117 1
7 9 191 1
7 12 174 1
9 8 166 1
9 12 158 1
10 3 116 1
10 17 88 1
10 20 181 1
12 16 78 1
13 2 113 1
13 4 102 1
13 16 43 1
13 19 20 1
14 0 151 1
15 1 161 1
15 3 123 1
15 10 15 1
16 7 87 1
16 11 71 1
16 19 55 1
17 1 77 1
17 3 45 1
17 10 188 1
17 15 124 1
17 20 79 1
18 6 150 1
18 14 120 1
19 2 41 1
19 4 160 1
19 8 42 1
19 9 44 1
19 11 10 1
20 10 21 1
21 0 84 1
21 6 50 1
21 18 54 1
21 22 46 1
21 24 119 1
22 0 14 1
22 6 199 1
22 18 34 1
23 5 165 1
23 14 73 1
24 6 114 1
24 18 17 1