60 162
0 1 30 1
0 4 10 1
1 2 20 1
1 9 28 1
1 26 50 1
2 6 9 1
2 11 18 1
2 1 19 1
3 8 8 1
3 2 22 1
4 5 11 1
4 14 29 1
4 0 12 1
5 9 12 1
5 15 23 1
5 4 11 1
6 7 12 1
6 11 9 1
6 2 9 1
7 8 10 1
7 22 29 1
7 6 11 1
8 12 11 1
8 3 9 1
8 7 11 1
9 14 9 1
9 1 28 1
9 5 10 1
10 11 10 1
10 16 14 1
10 27 32 1
11 17 12 1
11 2 18 1
11 6 8 1
11 10 12 1
12 8 8 1
12 53 14 1
13 14 9 1
13 18 11 1
14 15 9 1
14 19 10 1
14 4 26 1
14 9 11 1
14 13 10 1
15 16 10 1
15 20 11 1
15 25 24 1
15 5 21 1
15 14 12 1
16 10 14 1
17 21 12 1
17 11 10 1
18 19 11 1
18 13 10 1
19 20 10 1
19 24 11 1
19 28 22 1
19 14 9 1
19 18 9 1
20 29 21 1
20 15 12 1
20 19 12 1
21 22 10 1
21 27 10 1
21 17 11 1
22 23 8 1
22 21 10 1
23 32 23 1
23 22 12 1
24 29 8 1
24 19 11 1
25 26 10 1
25 30 16 1
25 36 18 1
25 15 21 1
25 17 28 1
26 27 10 1
26 1 53 1
26 25 12 1
27 31 12 1
27 10 32 1
27 21 10 1
27 26 12 1
28 29 10 1
28 34 12 1
29 30 8 1
29 35 11 1
29 20 22 1
29 24 11 1
29 28 12 1
30 36 13 1
30 25 15 1
30 29 8 1
31 32 10 1
31 27 12 1
32 33 9 1
32 38 8 1
32 23 21 1
32 31 8 1
33 39 12 1
34 35 11 1
34 28 8 1
35 29 11 1
35 34 11 1
36 37 10 1
36 25 20 1
36 30 16 1
37 36 10 1
38 39 11 1
38 32 8 1
39 33 11 1
39 38 10 1
40 41 32 1
40 44 15 1
41 42 15 1
41 49 28 1
42 46 7 1
42 51 14 1
42 41 24 1
43 48 8 1
43 42 25 1
44 45 8 1
44 54 33 1
44 40 12 1
45 49 8 1
45 55 20 1
45 44 14 1
46 47 13 1
46 51 10 1
46 42 13 1
47 48 13 1
47 46 11 1
48 52 15 1
48 43 12 1
48 47 14 1
49 54 9 1
49 41 33 1
49 45 15 1
50 51 11 1
50 56 14 1
51 57 12 1
51 42 16 1
51 46 3 1
51 50 11 1
52 48 9 1
53 54 6 1
53 58 11 1
53 12 15 1
54 55 9 1
54 59 10 1
54 44 22 1
54 49 13 1
54 53 7 1
55 56 10 1
55 45 18 1
55 54 15 1
56 50 18 1
57 51 9 1
58 59 12 1
58 53 6 1
59 54 5 1
59 58 9 1